# Argomenti per generare da input1.txt a input19.txt.
# input0.txt e` il primo input di esempio del testo.

#    N        M T     S
     5       11 0  7191
     5        9 1  7191
     7       20 1  7292
    10      100 1  7393
    20      100 1  7494
    30      100 0  7595
    50      100 1  7696
   100      500 0  7797
   100      500 1  7898
   300     1000 0  7999
   300     1000 1  7180
  1000    10000 0  7181
  1000    10000 1  7282
 10000   100000 0  7383
 10000   100000 1  7484
 50000   500000 0  7585
 50000   500000 1  7686
100000  1000000 0  7787
100000  1000000 1  7888
100000  1000000 0  7989
100000  1000000 1  7980
