# because this GEN file goes through generatore.sh, each instance line will essentially be copied into a separate input file
# here, the fields of instance line are:
# goodBall   nBalls  subtask  seed
#ST: 1
2          10       0       32151
2          33       0       45675

#ST: 2
1           2       1       65354
1           2       1       54745
0           2       1       95942
0           2       1       83267

#ST: 4
0            2      2       64455
1            2      2       64565
0            7      2       48463
1            7      2       68544
2            7      2       54843
3            7      2       97683
4            7      2       37832
5            7      2       85542
6            7      2       75475
324663  999997      2       45546
724672 1000000      2       65546


#ST: 8
0            2      3       64645
1            2      3       64856
0            7      3       65423
1            7      3       72443
2            7      3       28545
3            7      3       85534
4            7      3       85894
5            7      3       32855
6            7      3       54858
224663  999997      3       75846
824672 1000000      3       35586

#ST: 16
0            2      4       6455
1            2      4       8565
0            7      4       65423
1            7      4       72443
2            7      4       28545
3            7      4       85534
4            7      4       85894
5            7      4       32855
6            7      4       54858
224663  999997      4       75846
824672 1000000      4       35586
324663  999997      4       45546
724672 1000000      4       65546

#ST: 5
0            2      5       946455
1            2      5       948565
0            7      5       965423
1            7      5       972443
2            7      5       928545
3            7      5       985534
4            7      5       985894
5            7      5       932855
6            7      5       954858
124663  999997      5       975846
824671 1000000      5       935586
324663  999997      5       945546
725672 1000000      5       965546

#ST: 32
0            2      6       746485
1            2      6       748568
0            7      6       765423
1            7      6       772443
2            7      6       728545
3            7      6       785534
4            7      6       785894
5            7      6       732855
6            7      6       754858
214663  999997      6       775846
924672 1000000      6       735586
324693  999997      6       745546
524672 1000000      6       765546

#ST: 16
0            2      7       346455
1            2      7       348565
0            7      7       365423
1            7      7       372443
2            7      7       328545
3            7      7       385534
4            7      7       385894
5            7      7       332855
6            7      7       354858
114663  999997      7       375846
994672 1000000      7       335586
324663  999997      7       345546
524672 1000000      7       365546

#ST: 16
0            2      8       546455
1            2      8       548565
0            7      8       565423
1            7      8       572443
2            7      8       528545
3            7      8       585534
4            7      8       585894
5            7      8       532855
6            7      8       554858
114663  999997      8       575846
994672 1000000      8       535586
324663  999997      8       545546
524672 1000000      8       565546
