#because this GEN file goes through generatore.sh, each instance line will essentially be copied into a separate input file
#here, the fields of instance line are:
# nBalls  subtask  seed
#ST: 2
  10       0       32151
 133       0       45675

#ST: 3
  12       1       65354
  52       1       54745
 102       1       95942
1000       1       83267

#ST: 25
 200    2       64455
 500    2       64565
 700    2       48463
 990    2       68544
 100    2       54843
1000    2       97683


#ST: 30
 100      3       64645
 200      3       64856
 500      3       65423
 700      3       28545
 800      3       85894
 990      3       32855
1000      3       54858

#ST: 20
 100      4       6455
 200      4       8565
 300      4       65423
 400      4       72443
 500      4       85534
 700      4       85894
 900      4       32855
1000      4       54858

#ST: 20
   100      5       946455
   500      5       948565
  1000      5       965423
 50000      5       972443
 10000      5       928545
 50000      5       985534
 70000      5       985894
 99000      5       932855
100000      5       954858

