#ST: 5
42            100           0

#ST: 15
1             1             1
33            100           1
317           1000          1
3777          10000         1

#ST: 25
1             1             2
99999         100000        2
123456        1000000       2
3             100000        2

#ST: 25
1             1             3
100000000     1000000000    3
12345678987   100000000000  3
22511468144   100000000000  3
5651176241    100000000000  3
56241         100000000000  3

#ST: 30
1             1             4
100000000     1000000000    4
12345678987   100000000000  4
22511468144   100000000000  4
5651176241    100000000000  4
56241         100000000000  4
100000000000  100000000000  4
