10000
8127
6049
6135
8837
2283
750
9328
2571
2312
4045
4746
9070
3357
1622
1335
5583
358
4991
8366
424
6754
989
4371
3685
7142
1866
7752
7798
7711
6696
3750
3395
6454
7881
7135
693
8150
6044
6530
4290
4397
8693
4742
6635
7001
2912
1713
8566
1382
2821
3694
5178
4147
6057
2266
2513
1063
4168
8111
3215
2210
7072
1587
6602
2903
2006
8867
9680
626
3576
2317
691
7845
3050
6655
5423
7801
2331
1957
7340
7060
9497
3107
5765
3636
5645
2544
5630
6681
4329
5219
4941
9136
8755
6194
3474
2264
7372
814
4746
2956
550
1224
4114
4006
7082
7781
5595
5665
5928
8303
782
7504
4002
3034
5164
3815
2987
8752
4164
4944
6430
7885
4260
2204
6276
9105
2894
8113
2521
7724
3329
9875
3128
8327
8551
9096
8813
6127
3413
1062
6125
45
1013
6890
9454
6196
3588
7470
8739
938
3234
3834
1838
6661
1738
5566
7040
4874
3948
5687
259
579
9993
573
9091
7850
6871
856
9125
6537
7361
399
6962
3843
5739
5522
6548
6869
8182
94
5267
5214
1341
4184
8823
6999
4112
5059
4371
3176
8125
1066
2408
7274
8041
9864
9645
3625
9936
56
6005
9284
4787
9159
2735
761
3288
751
7702
4560
2529
4942
4907
4368
7884
5222
539
482
1981
6571
2668
615
9291
2847
3384
6225
1689
7757
1669
9341
4621
1120
3562
3169
1697
8464
9686
7116
5909
7768
9062
3260
8082
4616
8235
2783
1262
8386
9713
1222
1298
6564
2467
5775
8429
767
6981
501
2462
1378
7388
2065
2225
6698
1836
5747
7146
2634
8814
8214
4701
7606
6583
8870
4788
8309
1397
6999
3110
927
8245
6739
1221
6580
5353
261
5866
6622
3214
2371
6406
4403
2466
8487
3309
9003
2053
9171
1267
3454
3545
8932
3288
7461
3477
6876
1010
2787
9191
4883
1351
2744
7601
98
8528
8547
8212
6869
5480
6612
9523
5388
5036
7218
4105
1020
26
5730
5554
9384
3254
9574
3268
7328
9652
9142
9100
8612
7807
1271
8044
7122
8004
1408
8842
2487
393
8756
4324
345
4686
4030
8975
6541
6354
9177
2904
8720
4449
9717
5453
9428
6533
7995
5158
2092
7233
8487
422
5040
2530
3239
1299
5037
6381
2948
3848
6821
5715
8630
1286
92
3050
3534
496
517
787
9198
5757
7517
9709
3655
6064
9502
9561
7871
473
481
9307
1757
8572
1736
4346
7496
1112
6773
7562
9893
151
3067
2842
9913
9178
3983
2872
8512
388
135
8481
5762
527
4946
8326
6490
7160
6178
8118
3042
2240
9454
9267
4554
2882
5709
2847
5555
9374
9308
136
2532
3047
4310
1847
416
7254
9971
1082
7148
8512
611
8006
4016
9575
3007
4759
8262
6276
9142
1510
8838
7841
4678
8008
6691
6055
615
4918
1745
32
3565
8286
1547
939
5760
8481
4713
8775
2171
9292
1803
7050
5176
6230
9810
8603
9836
6759
6708
1803
3067
5702
8273
6471
4046
1536
70
8581
6850
1210
2864
7359
198
1658
7651
3615
7995
4828
5629
7239
7090
901
5962
1189
1084
2163
6268
4873
3154
4928
9788
1958
630
307
3873
9957
9067
9062
4561
6898
4750
4820
8781
4617
2823
6919
3846
7687
5180
7949
8143
2171
7116
4906
4090
8762
3002
2008
3409
7947
4250
3630
2269
6519
8308
4566
9370
1867
9126
5876
4712
1761
1127
2795
1709
616
3754
1599
5432
3335
5019
2606
3812
2423
3888
3431
605
7297
567
2992
576
8106
2077
6054
7187
4855
843
7250
4202
1439
8107
4741
9443
8207
4218
1388
7368
5405
9702
5134
4195
6901
5579
9157
3858
6718
3205
6258
8355
7212
3253
2852
1609
8965
7217
6600
7687
3836
8231
3942
749
9359
3727
2970
1116
6294
248
8000
2595
9813
975
1172
9646
3099
5451
6470
837
4563
3223
8782
9170
449
1135
6489
5074
6489
7128
8448
509
3841
6140
4946
3215
3217
7699
5816
5528
2861
9153
9324
5326
5556
5654
5548
364
3878
8457
7271
8576
8379
6082
93
7744
5058
8689
582
3112
3805
1127
6224
4944
7467
934
1158
6062
672
3484
2109
6493
9584
4693
5095
533
3849
2034
272
6736
4858
2043
4776
1446
3411
1837
894
548
584
2786
6419
9298
4342
3911
7583
8309
619
3005
5315
4754
4064
150
1570
1871
8961
1141
8939
2021
1770
2923
1423
8296
6326
7176
4107
8354
4703
8218
6010
8725
8499
1142
5602
8212
2074
254
985
1589
5993
9439
9156
3784
403
8561
2819
9706
829
5087
5732
5569
4102
5272
29
1834
8673
6885
4356
8767
6110
1567
7214
5850
2922
8144
6368
9774
379
2175
7455
7210
4292
6182
5722
3868
611
2658
5558
517
7384
409
7268
1874
6170
1248
1440
5678
5687
7147
7499
2842
3653
2382
6982
8840
8236
122
906
1901
6847
6886
4461
7959
8619
7440
471
2976
3098
9213
4574
8236
1009
9163
8336
4905
9766
7154
5669
4504
2655
1095
148
8669
5834
3058
5250
9415
1817
9690
1638
168
2213
3576
523
6492
7056
5006
2868
2768
884
4052
850
5376
1478
6833
8503
9946
673
6663
8292
747
4709
9100
6263
4169
9524
219
163
278
4896
4244
5672
4678
8108
9326
992
4210
4149
25
5289
6109
4596
3049
2852
474
7011
8194
4732
2320
8045
4081
9183
4120
2691
1704
3566
1809
2105
2662
7155
9414
6997
1282
5868
5094
9760
1859
8458
8735
2915
1576
6221
9867
5763
5439
4694
7213
1931
1030
6046
6961
2391
1732
3560
7800
6834
1015
6321
9735
6710
5988
9738
7847
5315
3958
9825
5837
6332
9985
4597
5204
2593
3131
3175
3727
6355
5321
4674
845
108
1284
8510
5841
1237
2030
6520
7117
4058
9031
6449
9154
2681
9838
7632
9210
6948
240
5217
3616
2483
232
2664
6865
6970
2578
6919
6399
4555
8452
6164
847
636
5911
3151
8527
684
5628
1729
9433
277
7324
31
8378
1795
6105
5553
6628
9282
6385
7195
1928
2916
7478
6105
5998
336
7674
1549
9012
9047
3468
4964
2009
1304
5812
1532
4855
3400
5991
3973
8550
5625
2707
676
5991
2218
3713
7772
7754
2091
1647
1608
4226
3766
8408
7253
5051
4783
9614
136
4686
2144
9064
6433
3315
540
2278
484
924
554
9301
5432
2033
3394
3464
1888
1857
2948
7688
6098
3393
8144
3621
4022
9757
7398
3585
9306
4273
3376
7224
2109
7048
5480
472
7447
3507
3191
6923
299
7361
2988
1306
4911
852
3214
6979
5608
1961
4590
525
1280
9231
7648
2089
2311
9341
3888
1872
2624
6303
7055
7890
8728
5891
3182
382
2357
7917
3885
9750
9381
3388
4646
8933
889
1393
6864
9837
9502
794
9519
9681
5943
1738
628
9633
1521
9933
5869
2094
2923
7495
7920
3331
8539
732
3350
3200
1828
4239
2928
5155
5479
4347
404
4565
8998
1225
3207
6390
5815
6946
9999
6699
4804
7911
2546
3276
2717
1003
2627
7770
1514
6000
2955
6411
7322
4649
9180
6282
5463
9882
2821
4595
803
1661
3021
6777
1347
3293
3633
5140
6286
1790
8552
2879
9650
741
5760
2224
7184
8322
1494
4255
7697
4170
7576
4799
8909
568
7678
954
3889
2340
1241
2246
7704
8395
1555
9482
1015
8677
6506
3295
2118
3007
5216
1510
3987
2502
9961
431
9043
4471
6328
3654
4132
7529
6936
8339
1413
8568
9763
2193
9881
53
7978
1067
1022
7832
4029
3399
3670
5149
4276
7217
7601
2665
761
3573
1383
6850
5030
147
3025
5830
3295
5728
9247
2207
6973
2234
106
3517
9511
9090
3949
5905
5987
7215
1999
8325
2957
2874
5692
8416
4137
1295
5628
988
4447
585
7090
9933
2487
3909
974
4433
2528
5550
1060
1342
7949
4346
1908
6631
6096
2884
7728
4283
5377
2769
7280
9550
7493
5738
1854
6231
6237
4701
1033
8329
2530
2549
50
3036
1382
6499
9423
6454
7784
8771
8012
2080
9566
5999
2113
4471
4035
6164
9160
5117
6033
5969
2712
4262
6601
3082
4343
1448
8886
484
5764
1256
6459
844
9667
8223
3072
176
1615
9894
9252
3313
3767
8367
9090
7494
6589
1818
8528
298
6298
8357
5416
7893
6167
1879
9451
309
3531
3950
6207
1807
2609
5057
6576
4918
5711
2376
5713
5102
4652
4653
3163
5664
2530
5500
4904
7769
1438
8888
7715
2470
3772
6714
3671
6939
6192
2981
2942
804
601
982
3356
4859
8279
9870
9508
5286
6066
7744
3866
7335
3921
3394
6710
1883
4242
71
2
3159
8729
1313
1448
2295
990
8177
5101
4427
6122
2409
8584
9622
2930
455
7875
7363
1239
2358
8579
756
3940
680
9
8285
7428
3484
1576
1126
5789
2525
2739
5573
4691
9501
7013
3675
8831
6197
7499
6146
3391
5669
7053
8002
9341
1735
1562
3920
859
1494
9385
8391
8184
2066
6154
448
9265
9864
6538
5997
2077
45
9196
4257
6637
8243
9560
8999
6903
2771
914
2537
4146
6907
900
8315
1999
1391
8030
1913
9827
2543
4661
3566
7055
1012
6682
2808
2690
4345
6766
7730
6088
8499
7073
8856
4487
5159
7165
306
6943
7051
1416
9926
9173
3571
6726
7914
7006
9493
7055
4412
780
7404
8793
6274
463
4363
9193
91
6686
6769
6044
5207
3064
1322
2532
5611
5408
5309
521
9959
108
6735
3954
3276
2268
9522
7659
946
6633
5825
6652
2853
3916
1556
4895
5436
280
3084
7084
2081
1026
2321
5308
3435
6499
8793
6251
3962
3498
7680
8891
6220
9501
5134
7471
9556
7681
1913
5166
1229
6295
5719
4157
352
8740
6652
5383
8097
9856
8615
3428
2808
3277
9455
9302
1697
236
8700
1455
5034
7807
2059
6633
7973
9171
1667
9961
7141
9594
9155
1041
4219
492
3545
6993
9824
528
6501
1114
7756
6528
2245
7679
6801
8410
872
5556
9249
6550
2793
7283
2762
4516
470
392
1247
2108
597
7138
2018
8195
9207
1479
3643
9287
7205
1697
8548
4878
8552
6950
3226
1577
9659
8527
3918
2910
477
9195
805
9086
3831
619
500
7948
3057
9790
3960
4866
9481
4469
2066
6983
751
8075
6476
4816
5488
2038
48
166
1946
3684
9250
986
1985
4896
5595
8105
5535
1315
2071
3562
4064
599
562
7750
3990
8212
6850
9822
7185
5076
2255
518
170
8219
3469
3834
5449
5768
8744
3399
7863
6824
8712
3841
5998
9882
5427
5622
4234
6628
1687
7483
1098
9815
8634
2751
493
105
6192
7382
690
379
8803
2584
8183
6839
4574
3334
1326
284
5027
5362
955
9398
3635
2151
7996
288
8787
7473
152
7397
8525
2476
7787
1289
8434
9321
77
7286
357
6128
4087
7647
277
9694
4518
3363
8813
9645
9001
7179
2505
6040
550
7810
2321
7714
294
2040
1638
268
2877
5356
3201
296
8601
1893
7229
96
3478
9334
2913
9182
4793
3505
4795
2234
3482
5120
183
3372
6281
7240
3419
6937
591
3474
2525
9832
5545
2755
6662
9235
3320
5188
6171
9740
2527
8734
9210
7272
238
3065
6883
448
1965
9789
1783
3335
5309
4943
3416
771
3331
4421
5722
245
56
3381
650
8877
8892
2902
7520
354
270
5296
8049
7365
8650
2088
2664
3684
8028
6748
2270
4011
4588
7695
5397
1536
7374
5371
9469
1583
6857
5738
1433
7590
6921
5652
1688
3105
9530
4578
7464
5124
2097
3032
5080
5539
6354
4798
6843
6418
658
864
3462
1100
2008
2512
6629
6455
6759
8869
4054
8397
4501
6518
6138
171
4455
1201
9444
5881
6699
9118
5306
8637
9830
7327
2068
3528
8899
6388
1476
5415
2273
3460
5493
9996
7647
856
2772
6117
8171
91
6207
7745
5315
4680
1592
8251
6706
6066
6953
2526
5063
3382
2543
3650
2839
4937
7954
9405
3347
5215
8677
5407
2255
6927
3371
9557
9390
1804
9232
7067
7258
5764
3282
818
9278
8272
882
1169
7468
3161
2941
8199
577
2602
8230
49
7051
6084
9733
8779
3762
6124
5694
8384
6425
3123
4297
7722
5234
7553
5477
8215
2362
8905
3751
729
8796
9187
1704
5187
6416
8786
791
5580
3858
3866
1178
5064
3103
7726
705
6150
8393
2793
2533
6493
4663
4569
3408
3313
839
5942
417
7329
1977
7106
7931
3544
4577
6773
6281
4484
3315
8214
910
6754
3685
6783
303
1525
8638
7539
1770
9705
9514
1873
1118
8216
9352
275
5825
2531
2926
7141
5031
1695
8210
8974
9024
1447
5861
2204
3607
6237
6626
2206
7135
87
4344
3216
6395
4601
7971
3262
4468
7498
4024
406
1547
3472
2803
379
2191
5357
8027
3658
5654
504
8926
6057
4089
8851
3231
4105
3647
6821
129
6825
912
5379
3639
9888
863
7080
954
6020
6257
5261
8056
7156
3470
3498
4041
10000
8537
7856
7589
9866
3526
9247
7844
2489
6323
8462
7977
5224
4543
6440
9210
9282
8720
602
4420
5635
201
2883
1933
156
4518
2484
4008
8761
2657
3073
6541
5132
7416
7185
575
7779
5691
2622
5645
1537
278
4492
1660
6175
2448
1906
7560
7552
6245
6822
6577
2010
433
6568
5807
4646
991
9502
8251
9604
3201
8578
2863
5406
2921
4524
20
3068
9893
108
3501
9539
174
8151
6335
8136
297
3564
8937
8918
2429
5221
8241
2508
2772
6708
8523
2917
2412
7487
1261
5677
9953
345
2461
3455
4749
9226
2164
4625
4538
9643
7679
4971
3187
4090
554
9740
9355
5942
8728
9494
9926
789
3124
9838
1410
4406
4997
2218
5248
3656
9632
1234
1927
7578
392
8881
8587
4308
1445
6404
6951
3344
1503
6685
8886
1919
2601
1575
7074
3390
7443
6327
1307
9856
4197
3509
8557
9717
7722
4347
9572
9813
9903
2190
6928
5059
1577
8886
2067
4886
8412
7478
123
3365
5432
3113
2102
9027
6327
4562
8718
1664
5024
8
8868
9374
7821
178
736
7165
7284
7286
4374
7941
1161
538
1925
7791
2215
8597
4140
4585
4174
3532
5618
4878
3328
812
4118
5966
8761
5501
7055
6779
8482
4002
7318
1550
123
2110
5710
2809
3986
8401
8809
5557
7333
8777
4577
630
45
1244
831
5955
9766
871
3552
6279
7856
5999
2760
1469
417
9113
7044
8950
473
1034
6005
957
3932
8813
1989
426
2431
5748
7038
6508
8649
3606
3843
2524
4215
360
9778
7726
4792
1024
5396
2510
522
8122
2884
9786
7990
2520
1983
452
7803
3140
7463
5821
4552
7414
7919
4005
8332
7825
7044
1593
8995
4002
5675
9016
3639
780
8949
8135
7614
9623
2315
4193
1123
5639
4988
1374
6174
5492
3574
1055
2113
3146
1387
7307
5567
854
2320
3303
2013
5340
4807
9158
9857
2671
1525
6231
654
3175
874
1131
864
5712
1088
8432
5603
4782
9359
7155
2819
2364
8796
5925
4871
5097
5220
1999
842
6349
6365
2101
626
266
9044
903
8554
1698
8314
9189
9849
56
2158
9397
7532
3910
3986
7236
2519
2077
7174
4589
6217
3416
1269
566
9962
2968
5447
3647
5921
9047
6270
73
7939
3161
8825
507
7491
8334
890
3974
8998
3425
4328
116
5232
8351
161
6738
7274
4558
3208
9814
4481
3572
9212
6574
9542
4295
2258
6220
518
8164
9078
5131
1089
5028
3230
4086
4926
1445
2734
3322
6475
2779
7489
4804
1739
1009
3830
9108
878
6033
8140
7477
6131
9106
4567
3364
8576
6120
35
1923
3428
5113
5925
8458
1074
7282
3473
3911
4811
5741
3825
8635
6135
2111
9122
7909
1661
5103
6743
3799
7127
2922
3719
1127
5013
4716
4593
200
3253
6718
9322
159
6850
1898
7197
6875
234
4760
6028
7099
7287
2258
7847
601
8589
7247
8249
5425
3711
4140
5292
14
9211
9264
6077
2047
966
5370
5918
798
6378
9175
1297
3906
9102
7014
7898
4959
7660
8712
8100
2997
8606
2993
1063
8572
5408
4539
2690
270
3997
3494
9000
2221
5664
4156
5229
2280
5478
4462
3797
3228
8838
9373
704
5353
9727
88
6598
4742
8425
1961
7746
904
2580
9347
2749
8014
8813
2344
1109
5578
6205
1052
8708
8786
1642
484
9719
4947
1962
9716
9079
6
7068
7578
9923
2183
5035
3702
9074
4886
7250
2667
3227
599
8761
5756
197
7431
504
7322
6130
126
6195
140
1215
5955
9616
3469
7981
1107
2490
335
5969
4985
7452
1787
4740
5440
4455
9204
5194
2055
7764
9191
1625
7340
1631
9291
2488
5540
469
7055
3499
9879
3629
5256
426
7831
6106
8101
714
7747
1501
3902
3661
6644
3999
1720
310
5312
6296
2040
2195
496
6821
7811
7301
9634
4766
9688
251
5052
3010
6944
1698
6500
3712
5790
3635
4209
6767
3708
1892
5668
6841
8258
9845
3930
5936
1992
61
8886
2447
3828
9403
7225
6831
977
4929
710
1197
3341
4807
4323
6056
5398
4376
1166
9555
4880
7469
5426
5348
8952
8018
7457
3757
4414
32
3915
141
4144
604
2458
2748
1170
7616
3383
5650
9347
2787
1929
8709
239
1329
3442
3914
8738
7266
9234
7551
8908
6985
8871
6881
606
2925
1575
8582
3645
8363
7472
3048
7240
8785
4070
263
9632
1804
9210
5269
4793
5217
7115
420
3771
5337
2782
3123
3326
9963
3284
1417
2880
7689
1374
3647
8071
8911
9691
3522
8964
8202
2171
4867
5721
5231
122
9298
1548
5235
4664
1129
1625
7452
3293
1409
2180
99
2230
3567
9886
5500
4085
6956
467
9083
1389
5824
9854
175
2336
1747
2297
2965
1870
5517
1920
4384
2335
7287
1866
1968
5827
7802
6945
115
4688
1321
3656
3433
2315
9109
8061
2988
3712
2338
2367
7930
1655
5542
5561
5740
7219
4470
2583
3142
7176
3095
2817
224
6485
62
9947
450
1910
6292
1692
9306
8144
4858
5925
8347
6258
5266
1574
793
6221
6291
7895
2695
1390
9807
5058
5494
2584
282
6326
5619
477
6599
5887
3836
7282
1381
1002
1838
3616
9776
6505
3396
4890
746
6539
6708
4880
8945
9917
607
5860
8144
1534
5556
7343
3662
1390
6153
426
209
502
7393
4323
4198
4705
1249
8655
5531
2272
3186
1052
8693
9501
1287
8843
5476
8020
8613
1143
9192
8069
5523
3293
783
4708
7847
5802
658
1205
7227
4393
5286
6760
7578
2163
3182
8557
608
5063
6212
7042
7325
7283
4931
6475
6919
5863
3578
6316
4538
9480
8664
7199
5845
9693
5557
6056
3637
7758
239
7906
460
3807
8291
352
1949
3367
8808
8564
7816
6197
2397
4319
6931
5336
3412
7185
4972
3819
8586
427
6488
4415
3272
6105
5834
1928
3509
7910
3409
9748
6696
9712
1596
2289
1461
9012
2718
8218
1561
8399
1251
3749
2792
5944
4745
2325
132
5505
2635
7912
3396
8595
9794
7300
4706
5426
1317
873
2879
5110
743
967
1807
4829
5493
4348
414
743
8444
6335
904
556
5951
3433
530
5403
3587
6264
4409
9303
5200
3112
2301
5841
8786
4789
1490
2348
1864
8533
8936
5849
669
637
8571
3568
7351
6591
5676
8554
1550
630
952
9919
3964
1847
5853
4733
4517
7611
7397
4795
2400
7476
5646
363
8928
6653
3126
7415
3774
3096
1334
6351
9185
5090
5842
1731
2015
340
3795
4873
3268
6893
920
765
3300
8525
541
9018
8733
3312
4618
2827
909
9267
7932
7338
7212
9050
203
5207
2740
793
5344
9522
9737
3301
5770
5503
2771
4322
8969
760
2792
6979
763
6130
691
3582
7919
9642
9695
3570
2704
3434
794
9298
6611
789
4149
7925
7521
6331
4420
4983
101
1711
8611
7977
979
7205
5845
1310
8970
779
283
5794
8140
9733
4451
4081
7545
2143
7582
3342
6538
6935
4126
2457
3923
2299
5471
167
5172
7421
4433
19
36
444
296
2390
8115
4814
1693
5689
6366
6947
9519
1233
6005
563
5797
5885
4124
1249
825
2271
9180
6048
3603
7905
1233
1778
2315
337
8872
3686
1825
3340
5964
7310
1751
2159
1358
7905
29
2038
2060
4088
5368
5383
1097
6502
7811
62
2463
6342
2376
8439
9941
1504
2266
1122
6396
2648
6368
1028
8035
7738
9268
5202
8162
8531
4877
5886
3539
725
4118
6604
6495
3037
4732
6217
394
1102
6741
4533
5299
338
4574
7258
3270
2108
64
6036
5279
5672
6328
6386
2462
5630
2152
3382
8727
6631
696
7362
4789
8988
7881
2132
3222
2022
5700
609
4286
5173
7492
8676
2024
2163
3278
828
4684
7455
684
9793
2324
2389
1395
7025
244
2699
3776
2759
7438
1546
3959
8098
6546
6046
996
811
7758
6117
5707
304
2338
1620
7579
5611
9437
6627
8527
291
7050
7981
6482
6897
5445
9445
5141
2256
5559
5642
6931
6557
6071
4646
4414
4439
3003
693
3065
5521
157
534
3227
4913
7408
7393
6007
194
4791
4645
4645
2318
8316
8975
7256
2891
6224
9904
7978
457
8012
7331
6382
4835
7843
6557
5852
6766
5619
872
2759
1961
3635
8245
693
83
668
4893
3114
6497
316
7579
4019
7105
4914
789
2872
60
8025
2341
9481
302
8977
6380
2878
1954
4690
3726
4154
4283
7230
6308
7352
948
4341
7666
9030
8434
1417
6260
5285
6336
5303
9860
8735
8821
4617
8120
4601
292
4953
2256
445
7861
147
2495
7779
3795
7738
5263
3646
5999
8094
1127
3458
2752
83
464
7293
506
3042
9560
3930
9766
8157
9142
9702
1596
8739
3361
7155
4739
6914
296
8038
4475
594
5698
5254
7262
9754
1379
3911
6303
6660
3623
9074
828
925
642
7599
1152
6019
8674
4310
1830
9565
7897
3747
1851
8240
2415
4585
3281
6733
773
342
5232
668
9659
2405
7270
3255
2208
8956
8663
2486
7646
9014
923
8115
9294
3514
3971
7340
7494
4177
7293
5424
6982
5590
1965
1308
7773
5144
9723
4956
6791
8708
4605
9252
7421
640
1742
3584
1104
9068
7322
6606
1289
4388
2180
626
8849
4122
3095
9036
1763
2763
1442
7686
7029
9785
2311
2164
4331
8665
4142
9729
5299
5345
3712
6521
3706
9030
9564
1059
4574
6468
1532
1467
9126
2126
2917
9459
1671
3865
8587
2652
8975
9941
9766
7040
9695
806
86
3200
8577
7960
5974
2231
8479
5810
8135
1506
7597
1436
2333
6266
4781
5392
901
8775
8459
2288
6578
5603
947
6403
347
9217
3629
3485
2420
494
2557
7119
1818
1191
1913
8151
397
1064
4545
2699
3770
7969
4281
3830
9554
7130
6090
6922
1960
8992
951
6082
5045
38
3492
8572
9695
616
2399
8542
8269
8730
906
6700
4992
8403
814
1332
698
9336
4232
1667
2855
6587
6596
1723
2037
5166
2642
5597
6922
8288
9222
9288
5351
9894
6105
7249
3276
3409
7936
9288
4068
3247
9727
2083
2654
138
704
4922
5931
8050
7513
6461
6434
7377
2092
3117
7512
6593
603
8565
2268
5227
4164
4203
7002
8601
7863
4811
2611
2708
1600
5533
1870
4589
4955
2045
5611
1563
2150
4867
9957
8677
3665
9789
819
1693
467
4302
2580
4856
9907
3022
90
1170
7036
904
8170
2370
1992
4763
2475
5102
7989
2896
6028
652
7624
5252
5669
602
7013
7507
3429
6485
6462
1286
2530
490
753
4715
1463
7585
2696
8129
5049
1604
5828
3998
1602
4909
2821
988
8666
390
5260
3191
9833
2410
5369
2242
1386
7613
7811
166
3132
3146
2292
3018
6419
7769
7456
8004
4114
1532
3520
6028
5275
7221
2188
7247
4996
1042
2545
216
6485
185
2589
6057
6816
4880
3583
4920
9983
6063
6768
6170
198
6904
9913
577
4644
7315
5002
6390
6352
9011
5733
6735
3827
7397
3530
4151
8384
1506
8480
6678
1940
1011
7590
2896
2707
7501
7064
4475
7456
5063
2633
1749
2488
6204
5246
4288
6753
3237
584
6025
4351
5326
6111
5779
704
7571
9627
5809
4596
4809
9759
686
4746
6862
3086
3844
2164
2780
7297
896
7986
2914
9492
6333
1488
2003
3513
1740
8623
255
848
5828
3019
9748
6795
9192
4758
3949
7390
6172
9124
1801
1914
4442
5205
8847
2662
9465
7855
9822
5211
6324
2456
3601
5718
7616
7226
6518
3659
1183
2829
3498
8854
8785
4561
6
2282
5107
4992
7673
6678
7263
5458
7325
5875
6054
7710
757
3113
3223
4004
4004
5309
536
491
8523
8329
7542
1317
5991
2654
7961
1468
805
6698
9439
2701
1414
4931
8313
7285
6352
6236
8431
3551
8241
3888
9385
4505
3953
2672
7455
9470
5754
8142
3532
6987
2491
517
1803
3781
4771
435
7461
2462
1801
7156
9567
62
8342
7367
3645
6942
2207
6886
6026
3681
2016
5293
4277
9930
6128
9534
4414
554
6676
1906
7281
4947
4613
2686
5691
5184
8150
1609
3539
7564
3163
808
6932
5440
5164
7163
3246
7770
3276
1022
2057
4739
4894
1582
4966
6166
6402
8420
4776
7282
5146
7904
9287
8611
7629
9256
9307
2862
9776
8391
7325
6574
2376
6269
3876
7840
1706
8121
7847
7458
3767
2230
4153
9276
6399
2166
4095
2134
5887
814
786
8112
1122
5848
2257
3554
1468
6707
9877
1256
9174
777
5722
300
1456
1325
2524
8173
9412
910
6151
2992
3144
9089
9837
4794
4533
4671
9935
7323
9221
4553
611
6059
5800
4242
8992
4964
6848
1667
4764
9526
5724
7377
1297
6609
9402
2330
5463
2956
9705
938
9520
1135
3408
5445
111
3780
5384
5829
8297
560
9040
6257
1655
9899
4174
3634
5497
3242
9184
7387
4179
4770
9300
4776
7878
3212
1994
8003
5413
7072
2882
7435
2886
8539
5239
5297
4275
4120
843
3920
7932
8547
371
7599
1151
2149
5273
4570
6772
4713
2811
8224
3483
1535
4367
2440
9518
3659
4917
5821
9617
6710
8229
4172
2015
5459
5079
4803
6599
5937
9049
2151
6254
1542
289
4031
3050
3559
683
3931
1160
142
7515
2636
1053
5421
5520
4141
9633
1999
8115
565
4219
4030
2734
8534
1008
5699
8485
6385
6055
6544
2209
5609
1877
1304
6321
6685
2549
2356
909
1805
9616
5394
5762
5753
1618
1897
6074
5762
9579
4535
6038
9695
7213
9416
9848
2212
9106
603
9123
3276
2040
9267
3352
8589
2664
8556
7824
8875
2374
3953
1112
7799
5094
189
2783
6099
1276
5200
9362
4899
3740
5274
9710
2089
63
190
2971
8737
723
4752
5708
3216
3462
704
1165
1454
4329
7013
3537
7637
9610
8876
8330
9789
1804
621
8978
7687
2525
2901
6307
7008
6018
9758
1419
3932
3346
1373
4269
4108
5946
229
5854
7068
1181
1881
8372
7957
4160
3958
1526
3075
6126
4527
4884
3626
5949
7354
488
3240
644
1054
4123
4446
7269
2088
430
6579
7431
1154
9603
3172
8271
4100
2040
8333
4953
140
8317
4717
42
5702
1391
1373
2814
2518
2007
4432
1112
3810
5975
6536
3793
3554
2518
688
1036
7127
5846
9685
9143
3696
7394
5461
1286
1326
2597
5959
982
7088
4655
9909
3103
5940
1512
3135
2017
8818
3931
6974
2986
7644
4346
8671
1397
6437
6955
7058
9371
4123
3205
8135
9449
4731
11
6624
6745
1548
1050
8601
368
8166
7084
5315
9115
8822
279
6568
9848
3815
121
3611
5905
8562
2021
9319
1379
1100
1789
8158
4797
8937
1864
6866
5239
9643
4052
7737
5717
142
3830
3975
5268
4417
1199
5081
6409
5395
1145
8559
3683
1729
7720
8239
7992
5317
7051
2829
5024
8703
8831
2470
7063
8596
3557
5699
2255
3491
913
3908
6296
5406
5225
3193
8776
9133
3803
9547
468
6130
1804
2033
5964
2845
1457
4587
568
7747
9746
2789
4143
3991
9826
5481
6742
8645
132
8081
4105
4310
8158
3633
5283
7040
3916
9962
4649
7898
5128
2794
6859
5200
5229
4983
7643
2746
3827
2840
6870
6012
16
6988
5164
8140
5608
3521
5342
1496
8038
6219
6945
115
4660
2198
986
6773
6869
4056
3927
3607
5428
3541
3082
6191
2159
5021
3795
8317
5059
8050
3750
5933
9609
4212
2883
3050
9310
3369
1423
2696
1311
1057
6303
7860
7773
6487
712
1800
469
5474
9364
3416
7005
2641
7856
7208
7297
4067
226
9305
7313
5295
6000
3957
8395
2101
9652
9763
5599
6215
3104
5251
9826
8077
1884
9109
202
7645
9246
494
7047
710
4028
3755
6639
4605
4528
6133
7755
9177
3669
5607
8666
2585
8689
2704
7132
7522
3420
5824
9216
6056
754
4306
7033
423
2087
6
9154
5486
3929
6983
5096
4830
3322
1672
3908
8724
3129
2522
9226
8448
3235
7054
1069
2174
4760
2714
5734
2855
9981
2182
5603
2538
5151
5479
9583
1102
4146
55
9839
9022
9262
7598
7060
6248
5564
9056
1695
1440
3433
3169
5039
8826
7510
4088
9423
2143
2480
2896
5468
5382
8372
1948
7984
9289
6120
4965
2897
5810
2389
4090
2171
942
4149
2730
6466
207
8935
360
8657
7434
9877
5221
1104
5253
2767
616
1588
1317
6842
9367
3974
5774
5876
7436
7382
4965
1807
3072
3077
9649
8087
5571
3094
4701
6025
5282
1712
4497
7337
3605
4984
5745
9953
452
9807
2934
1646
6245
5085
3182
8971
8734
5876
1972
7230
4746
738
5953
925
242
2455
3884
9818
2178
7006
4609
7488
9850
6061
5214
8152
4290
2847
466
4166
5356
1104
465
5566
282
9247
6142
3576
5240
5951
2539
9000
866
3903
1441
4474
1716
5386
1455
5319
6304
3762
9712
7981
1085
1720
5703
6030
8380
416
9122
3620
9418
81
2290
5210
3365
6949
8816
2790
997
7644
2843
3179
1649
3029
9838
6888
1982
3211
8526
9256
3787
6655
1158
8872
9384
416
4781
139
6215
9271
2041
8958
7258
1644
3509
7403
6462
6422
3718
8558
8305
9151
8030
2613
6615
3918
2504
2988
3664
6465
8740
8778
3882
4402
5687
7257
7974
8152
7399
9837
276
1898
7045
410
7795
3955
7815
5821
2591
3235
886
975
4924
4374
5165
8258
388
3060
7201
1532
4599
7940
1224
1515
7616
7615
8335
4819
4026
6295
9082
3369
4582
8675
2322
1910
1879
7918
1032
1775
9064
574
7274
6317
4409
5073
3844
3436
5689
4945
7105
9861
6555
3092
885
6684
7272
1468
9546
7828
6224
5882
2767
6015
582
3751
8619
5136
7115
414
8147
9039
2379
4413
6604
5740
6980
4969
259
3951
1021
7606
9075
7863
5357
3806
9816
3827
109
5496
4299
5258
7616
7357
6843
4105
4156
4719
9218
3511
9197
1421
5797
2633
9321
1061
6662
9902
2092
2008
3749
8464
7328
3639
7595
5261
7965
2652
9847
2309
5697
757
3354
7714
5312
4634
8037
668
8638
3420
2045
7086
7361
5497
4160
4607
362
7163
2020
6077
6667
5258
2021
2261
4095
4185
4006
1704
1539
7394
6581
8167
5691
3674
1539
233
9688
5249
657
1561
3621
6468
3582
6031
7901
7951
2502
1148
1896
5234
8620
5395
730
502
7155
5383
9342
5373
902
7497
166
402
1274
8599
7548
7518
9101
8183
3414
9355
9960
5781
8273
7551
9316
4253
5420
5540
885
8045
9860
9133
4017
1723
665
8419
7557
8599
8501
1873
1451
1205
1469
2026
9637
8591
5892
3638
6386
6821
7839
9654
238
8695
4098
4204
5131
9748
4483
3111
3812
3875
4148
1980
4810
5106
5442
2125
1173
643
732
3292
908
9671
8030
981
786
5895
1669
4944
915
3799
7105
4828
8870
2733
4722
5
9448
4986
1539
2593
1271
6397
4872
4897
5291
9871
1779
1642
6724
5244
2015
4335
5220
8783
5053
7148
5726
5545
281
2412
3519
7334
6058
3468
9059
391
2156
5686
7645
229
8753
5068
4401
3141
7517
8539
4689
4535
5164
753
2213
3321
6752
3123
951
1271
1844
6470
2366
8270
8254
3745
3626
3652
8410
4610
2585
3837
5603
2685
7021
6212
9624
8106
539
1575
1024
3082
4853
3105
8723
3361
63
4653
3098
539
36
1928
677
1144
5926
9727
2952
5725
3565
9888
6713
5473
3311
8821
9299
9798
435
3513
9634
7991
9223
3260
7772
8334
3189
8900
4751
5856
29
4039
6943
717
4281
8484
2488
4297
3370
1256
6885
9151
6550
9670
6904
1043
7990
2025
4045
5442
2778
2676
346
7236
8968
1047
4588
6854
9142
9009
78
328
1461
7992
1517
1380
5561
8948
6256
6516
8889
3843
126
9286
5156
1972
6134
3723
7151
8104
9204
2297
7388
7114
5704
3783
1522
6742
928
4365
6854
915
7184
2062
5476
6745
236
3121
7494
8757
2581
7051
6920
5785
5641
8833
196
3376
4329
674
4825
1092
6617
8527
1392
6819
3217
4852
5643
8668
6889
9321
2128
2266
8261
8932
8225
9608
6263
1249
8056
6416
5477
5139
1630
1397
7262
1191
4090
8206
8701
7936
5280
7195
2201
164
577
2075
5528
5016
8522
1574
5778
4131
7856
8616
5858
951
4571
7205
7241
7614
7296
5465
8613
8331
3824
6668
1064
5688
4216
9562
6251
3987
3942
1781
9243
4160
946
7502
7995
225
4842
7719
7298
1851
7953
9640
8301
1957
174
2889
1
4946
7045
2558
3076
4718
8677
7231
1124
2331
3175
1169
8757
7164
2734
7555
9242
8077
1734
1685
337
2116
4586
2613
8508
9687
814
6780
4025
5629
4578
9030
2353
7495
3400
9173
4234
5454
9149
9013
4851
2293
5051
340
1444
5196
3210
3301
6720
365
5684
8318
585
9594
4250
2323
6005
2055
6100
2088
9008
9838
6783
1371
2505
3236
5652
4660
7183
1799
8546
1863
2833
9039
1689
8916
1576
280
9761
8050
2530
5444
8518
1060
4908
5266
4983
8716
3149
9924
8370
5130
3847
295
9246
9193
4825
5375
994
6029
9132
4504
7726
8405
2992
7927
4470
6384
9922
2899
3892
6757
1192
4207
440
652
4460
2956
2471
2383
7222
2138
1026
478
7442
2534
3588
2283
3151
1897
3003
8803
3658
177
4758
7282
7071
1278
8367
5679
4036
2408
2591
2595
4455
9561
8829
801
7779
8162
8325
31
4809
3097
5825
1356
1164
3613
8197
3099
6394
2142
4517
1270
7035
5189
7547
1213
1751
5403
9464
4424
7073
5649
260
1027
6815
687
3877
5407
2771
459
7475
7453
1265
9524
8946
9997
5066
4301
3561
5183
6972
7540
1511
4742
2446
1722
3637
1147
182
3153
4802
9125
6909
465
9123
5254
8756
6058
4903
3896
9593
1535
6048
9671
5281
2887
9280
8872
5838
7814
6446
7970
7037
4759
5211
1562
7561
8361
7376
6304
4242
1244
2204
8755
9405
5667
4861
5456
8295
6126
9334
437
9515
6950
2474
7776
7535
2835
8090
7673
4194
9184
9417
7001
4633
1070
7841
7211
250
248
6419
1370
6829
7664
1522
2473
9630
8727
7892
9009
6084
7414
8330
1227
3088
1514
9139
3629
227
8596
3645
260
9514
1447
4444
9100
5627
1002
9553
862
4669
1605
4940
7810
6144
1677
7500
5819
6541
814
4013
1475
5412
6600
2959
9620
4235
4784
6258
3735
2200
7732
8200
588
6440
9499
7031
8890
7813
2477
9846
7017
8274
710
6589
8842
4608
7905
5506
7446
2764
1059
3755
9986
9946
9073
5171
7553
2768
3387
9176
8315
2139
5226
981
6504
7557
4039
6285
880
1732
4269
4047
3687
6501
3991
7832
8560
1399
9662
7183
1732
248
2879
441
6386
8281
7352
6946
8622
9250
4707
7706
8496
599
3259
6166
7954
5909
2260
3075
5926
4393
9565
5656
7186
6747
2717
7278
3072
5513
2654
594
3240
7377
9127
1039
7658
7333
9907
3250
9628
8130
3365
6607
3398
5028
680
7757
3046
1022
1648
8891
3819
2667
8188
9861
3167
9194
2826
9091
9696
9766
2786
5950
105
2420
1117
506
3818
4912
6212
891
9165
6734
1352
6931
306
886
9068
1854
9376
36
4721
8212
3459
4624
2508
1779
4541
6015
3390
9006
8654
7704
2284
5707
5932
8254
1889
583
4096
9690
8242
3692
4450
7040
3531
8831
3826
1998
5457
6034
2636
2394
844
7858
7616
3495
1732
2446
315
785
6399
7741
6773
6562
208
1249
2820
2646
5442
9775
5394
1827
6708
4042
6322
1558
9642
765
3024
8100
2365
9401
7694
5197
2793
1705
1274
851
5970
5138
6039
1664
7224
6455
598
5755
4225
7140
3269
2685
7428
7487
2951
3737
2457
2820
714
1569
3977
8182
3399
1634
3601
9217
5744
312
8752
506
9433
9084
6860
8987
6147
5349
5734
5160
3788
1987
8458
120
8162
2984
3199
7410
2206
9611
2795
838
7585
6302
2302
1426
3304
1230
6237
7491
7918
1513
3934
1740
1163
9879
4273
8181
4809
3255
2785
1427
7732
8097
891
9703
3214
9094
5078
7490
3791
4453
5774
1827
7477
7498
6977
5576
2002
599
216
3221
3367
4139
7954
8807
747
5815
9286
4187
4986
5252
1977
3733
3168
7937
6651
4042
509
765
7808
9352
5141
5063
2469
2456
4758
2232
1496
304
4532
3551
690
2758
8332
1921
9248
8811
1650
9777
648
4297
50
8977
5064
60
6984
8000
2848
8034
1385
4472
9269
4956
3404
3280
3457
7900
3894
6072
1802
8913
6946
5343
5914
2900
1089
1811
4689
4778
5753
9348
5060
3210
2276
3327
4448
7026
5744
9403
7035
3774
157
2789
4902
7806
7258
1018
8282
4884
8580
9430
9898
8367
3008
3074
6543
6871
771
6207
4456
4527
8149
7559
5300
7788
789
8579
6598
3966
6242
3521
8835
6666
2412
9610
482
527
7096
6604
384
3226
6227
3035
8409
6164
8358
5125
2115
9214
583
1484
9087
9988
6506
5737
1958
5911
2671
3215
8651
1756
7150
6302
7086
7875
6031
5728
300
474
376
1690
1663
2568
2914
2675
9006
238
6727
5380
2559
4329
2177
225
966
1337
1851
2670
1025
7443
5940
3544
5323
6811
5646
2342
8958
5919
1666
371
4029
9313
9527
322
7452
1747
4548
7396
1800
8609
3980
4904
906
6575
601
6019
5309
9721
9403
1145
3047
2769
6618
2192
1481
7644
2434
8877
7381
8686
4299
6503
8367
3399
807
358
6108
5134
3238
5863
1609
1813
9858
3722
2111
349
6960
333
1985
9527
9220
1804
4946
6665
8494
5021
4722
3312
3571
8067
9909
8212
8157
3713
1999
4594
6803
6370
6703
588
6117
3553
8627
512
2844
8311
3380
9054
1346
5266
2090
5396
111
5744
5792
9489
1328
9940
9901
8955
1244
6325
4201
6057
7809
470
8540
2538
9402
2837
3512
2372
1589
9089
4999
578
6150
9975
9689
9375
9641
3537
4137
994
9814
9165
1247
9713
3714
7926
7360
7053
1585
4629
6466
8210
6443
7635
3902
8167
1366
8816
7558
4934
4757
2611
6276
3087
9012
6293
7768
7398
5657
7226
8658
7428
163
1659
8661
3325
764
6130
5177
6128
1358
4476
5498
4386
8479
1200
2997
4525
6114
2601
6045
2073
4155
2658
1977
3316
4874
1007
6007
1885
5379
1065
4568
4095
8370
6161
7485
9840
5107
1204
1919
3858
4025
9786
1574
3030
4027
7015
9928
6574
1375
664
9320
6766
4940
51
7235
1018
3360
8405
2280
5119
8659
6700
4173
1470
6938
8599
6380
1302
1102
2581
19
2833
23
1542
4246
5885
4180
1360
8177
8324
4729
715
5063
7147
3726
7214
7522
7369
4484
3640
4328
7124
2593
9215
4737
9964
4535
6503
8097
1091
1503
1351
6642
8796
3877
3332
9747
5625
8738
6685
9258
2121
8149
5896
3809
6922
8807
6484
7215
7373
7177
7953
9946
2773
3563
6027
2700
3491
857
975
4977
2773
3845
8535
2385
7687
8326
215
6259
794
6107
8290
2393
2843
8232
6176
511
8392
1502
9345
5670
9619
8533
7968
3220
7438
5903
5927
1091
1551
8872
6704
9326
8201
626
7988
1688
1462
6190
5455
1131
1175
4390
614
5710
8428
5062
7670
2332
3771
2476
9726
6680
2119
6169
8126
3864
7337
6283
3195
4504
3744
2575
4093
5077
1787
8692
5804
7509
2183
9253
6088
1534
1577
7360
3430
9670
2664
5009
979
3256
4429
4225
6570
6143
9095
6808
5686
4082
1139
6252
2330
5098
6326
9282
1971
7022
2830
721
773
7327
4630
6052
2442
1581
8563
1032
4146
5826
5674
2275
4552
330
6492
6479
2243
4102
1855
573
1437
2689
9934
5343
6564
4934
7533
1067
2694
2161
6110
4703
9309
1095
6404
3650
7865
7979
4689
35
1426
7239
646
1890
2236
9969
8072
1775
6678
9242
5415
2234
4408
3395
2594
5821
2990
4144
3934
6187
5524
6803
6115
7955
6328
263
7560
7912
9728
4848
8649
502
2088
6378
4746
8462
1987
7377
5847
9371
8057
5611
4315
2181
7968
3509
2536
5218
181
6898
3173
6443
7433
6733
2266
1895
5271
4361
4543
754
6889
4778
7375
5320
3566
2462
8726
2111
7884
8620
1293
4795
5846
9480
5714
1703
2863
3319
9525
6220
8767
243
7304
9702
5523
8598
3868
7536
1261
420
5718
9668
5716
4031
1394
531
7209
873
9559
8778
3466
8570
9489
2008
4231
358
901
2659
6484
5823
5571
3698
8304
1975
4382
6863
8961
8247
9322
9197
343
1284
4614
8457
3648
8169
7644
1961
8749
6158
1511
5739
756
4887
9829
2664
2954
4429
158
574
562
2205
8672
3076
2829
1884
2889
5650
2815
263
3274
221
8575
7895
7905
7498
3800
1317
3788
8542
5022
8491
9269
4360
2178
332
396
5404
41
6310
1320
8199
1230
7024
1566
8385
6507
2926
1122
9743
8390
3424
6038
4868
5444
8315
9
3444
1428
9479
1706
6790
5152
4912
1549
4604
3005
8228
573
6677
9642
2777
1769
4446
3748
1920
5402
9604
7591
3647
1227
1531
4774
8122
5585
9749
170
1968
3580
3847
1249
7078
6276
7014
9885
7681
9887
7548
4182
2465
1820
3582
2742
7915
3917
7850
409
354
4033
2745
753
5000
8072
9257
3945
6979
1142
6507
9480
859
3667
4726
2988
4970
907
1049
1461
8397
9942
2852
1240
4564
6766
5839
3805
3894
9365
6404
3715
9534
4641
2257
8777
2897
6134
6088
1938
5315
8364
7191
8909
9349
5544
6562
6720
1349
5136
8884
6488
2723
6552
6117
665
4373
808
6239
7443
6407
5015
3229
3484
6193
5463
3010
1549
6246
1348
5657
7727
6208
2694
8837
5366
2791
3675
8980
8637
1224
3303
3412
39
9549
766
4705
2608
1311
64
5654
7441
8599
4004
5219
248
5408
1945
4858
9734
9914
2204
4970
8722
5204
7618
501
5641
1104
1651
9616
1260
4405
6337
3451
8295
3410
1805
8053
8579
4983
9086
1621
8531
2513
2401
2866
4289
2639
2403
5335
4131
5282
2353
1641
614
1782
2782
5547
3328
6068
279
658
301
519
2723
8116
9017
7687
2519
2039
1770
6640
1383
4985
2968
8075
8049
1895
5167
9786
6797
3604
5391
2199
8369
7275
6545
3587
2815
9989
7772
6564
9065
857
7019
6836
998
230
1326
6627
9729
5503
2739
3007
1328
8251
7444
5646
723
9743
5958
1314
670
1068
6429
8406
6093
9622
7524
2482
8733
5695
7350
590
3689
6022
9303
6805
7772
1584
5870
4978
2811
888
5838
7918
2117
2831
294
7162
1302
4638
9851
625
945
4978
5030
759
8864
8997
816
9594
8433
4229
3028
1862
1970
806
1273
1362
5300
7562
7586
2237
4093
3448
1354
588
229
3521
5388
5815
7302
2869
7930
7146
9901
5498
7884
8073
3667
1239
1395
9933
3529
3475
1959
1186
621
7636
9418
707
9411
7228
8819
4522
7808
5437
216
2661
3968
1044
5357
6557
8111
117
4671
9655
804
9143
733
4472
9601
7211
8033
5151
4023
1996
6280
6479
1541
150
898
1769
2377
7096
811
6288
4096
9160
2504
343
8604
557
53
7595
2131
5281
4314
7952
7120
5165
9213
9
2290
2966
7724
1986
5900
375
3630
5564
7533
2804
3122
4499
6641
1910
9525
5991
6404
1210
900
6882
7155
5099
5922
138
7031
5986
5641
4552
9235
2200
3865
7039
8788
8210
1008
9748
7074
6988
6096
886
2090
8992
2323
4068
5348
1400
8408
2025
9291
8055
5377
1648
4829
6255
9095
5656
9025
8329
639
4585
2871
1304
3908
7890
8854
1297
4003
3692
4904
2820
5451
7028
9819
3397
8229
3320
4498
2758
1092
510
6874
7524
7354
6263
3476
7439
8304
6053
858
4050
4356
33
1289
2071
1282
7433
9809
1340
669
7495
2062
1969
7811
1041
9033
1488
3525
5438
6179
8603
4571
6470
6914
3524
2210
2622
7164
4472
6737
6158
7553
3565
6097
6982
4964
2710
611
7761
5794
490
1394
2564
4515
6317
3102
9827
9933
4330
4873
7818
1089
8138
4761
181
6744
7361
5799
1807
9865
4893
5149
7537
9698
1014
7519
8273
8105
2075
3268
9821
153
5897
9510
3518
7413
8093
7493
9026
6467
6187
3662
2564
9806
1275
3498
9379
9892
1511
502
4090
5563
8881
9534
55
330
4038
9214
8318
5860
1944
9718
8985
2019
7593
2530
523
4775
8847
1354
2332
1423
9693
3743
2111
4037
1661
630
1961
5140
4482
2782
2048
2572
2415
1631
1115
4936
3315
6170
3052
1974
8859
8119
5997
9893
1359
3803
1715
8896
5969
6502
5627
7812
5330
9766
2350
3806
1808
3693
1251
4000
6883
3866
7496
7807
4782
1444
7892
7754
743
314
1342
8096
8898
6346
796
7929
5400
2171
6957
4453
595
66
4104
7924
2035
5735
1144
879
1436
6065
8261
880
6861
2667
9406
4001
3838
3106
172
5504
5784
4930
774
6639
4417
2001
2402
4910
2176
862
435
4275
6219
7085
1429
329
7639
5345
3064
3729
8443
9023
7213
6987
2912
1784
7411
2275
7531
1554
8031
7143
3259
6088
4219
3511
7884
9185
1576
1350
3691
5518
1568
4071
3197
804
9348
1955
2148
907
4791
3784
1050
123
6637
1881
1660
1706
6111
1026
7690
562
9269
4214
5026
6914
980
961
6081
8928
7421
5793
5000
6028
9985
6443
8927
4674
9327
8570
3846
4332
6792
7953
709
9922
4854
1891
3778
8517
3283
3999
2342
8171
8683
7624
6805
1379
2273
7971
163
8571
3022
9321
5269
1887
41
3043
3584
4776
6194
8746
6703
9494
3760
9027
5670
5570
1446
1655
1240
5240
3675
7209
1200
134
1925
2662
6732
9329
3177
5537
484
4602
3466
8316
8563
6488
1704
4868
156
2204
7689
5196
5675
2266
2085
2153
6961
4559
8169
8493
7191
5056
959
9365
9218
1267
9144
4391
6252
4834
8507
6168
605
5356
3821
5762
9310
4740
1248
65
5292
7817
1490
3611
2290
2593
8743
2886
2021
8285
5163
4677
3038
1478
1210
2394
683
6547
4851
3083
6969
7818
2280
2547
8529
6985
2825
1732
4434
4820
8450
8981
1480
7473
8413
2323
5455
6343
913
5744
5056
5745
2769
5893
522
962
500
4182
4462
6641
7186
2046
5526
444
6683
429
5043
5048
2969
3899
6794
9911
9122
6441
7082
5537
9465
4257
3359
7987
7871
6780
3780
6752
2897
7433
1652
9136
1676
3428
6402
6680
7522
8043
7897
2978
8337
5647
7393
3086
3647
9980
3017
5465
6925
1048
5636
2783
8729
865
9076
7736
4294
6234
5219
6504
9111
9816
718
908
4436
6234
2530
1078
1063
6161
5322
5602
5462
750
5672
5137
229
9926
9183
4653
7168
3487
3977
9357
7076
8699
3990
9224
4918
4759
8466
2448
1507
3524
2547
5408
3858
7274
6568
5892
5796
7030
9658
7173
4889
661
8989
6271
7291
3242
8521
9119
8649
3270
3784
828
6049
2558
1153
6718
1524
1056
2466
9405
1291
8003
8352
7615
9237
4010
1841
6584
7192
9372
7311
4634
509
7318
9771
3794
4721
2114
9918
6390
616
6907
5584
4175
2085
2830
5862
6037
8940
5828
8521
5967
4091
1904
9138
8729
6448
6664
1765
899
7693
8945
2622
6220
8665
2869
8915
7772
1765
710
9895
2057
2410
8240
4162
8295
4885
3801
9348
4790
1057
5853
3888
9593
7215
8830
1054
6799
4256
1491
7377
166
701
9750
567
6845
9818
3853
3722
6272
9025
5867
6623
1000
7252
3375
8992
8989
8762
4976
7630
5561
142
8413
409
5051
8377
6140
9179
7797
5918
6726
7575
2587
7835
2220
5711
6538
126
173
6013
235
3140
6171
9270
6917
6088
3557
314
5109
5376
7949
7625
8155
4839
9466
8902
5758
1411
6670
313
402
7942
5824
5901
9791
4729
1451
4409
36
4971
5609
7768
7720
610
154
6349
4329
7718
2724
1182
8059
8175
5397
6086
9531
3330
1287
2509
2076
6709
6894
9229
306
475
4477
658
4212
6902
8676
1585
3153
4376
7486
4823
5009
4919
7517
43
795
2863
88
2864
604
1367
7460
3386
7940
7210
8648
5514
6798
2930
5275
2496
8891
8930
7588
2720
1039
1692
9127
2590
5820
8197
2291
4230
2844
5424
8494
8638
4145
1859
9148
3481
2369
15
5873
8206
5691
8719
9254
5199
8824
9030
1044
5801
4303
6093
9260
8373
9812
1815
6149
7482
7647
3113
2819
6242
600
9775
6010
308
5609
6875
6462
5102
1830
9427
8141
4571
94
8046
4650
2671
5394
4349
1653
97
8424
4340
582
2074
7567
7554
4490
1125
6220
2931
4139
1998
5801
5188
6205
6773
3331
1354
7367
7096
7900
9446
5975
2309
9414
7242
2091
4188
3061
768
3243
2347
7468
3787
5090
8417
6737
6671
360
402
5412
4331
1580
8892
1666
7671
639
998
639
6496
7487
7566
200
7350
631
1436
8099
9498
292
3799
7214
6951
7731
3269
4480
3336
5593
5840
3105
600
2444
6488
5667
478
4790
2528
6920
5035
6980
2152
2676
9745
522
8258
3049
6686
4692
2036
1685
4800
972
3731
9812
1867
1702
7484
9393
2803
1999
959
3228
7503
4434
7282
9008
9987
7541
1627
8256
9420
7990
2823
5631
1858
890
3517
3117
7521
5399
5196
4091
5593
1651
8821
8472
7849
5382
7104
2678
9301
2284
6429
8791
6140
6516
636
9619
5846
7224
3818
8043
1752
4146
4709
1525
5178
8128
6311
8691
5739
2032
6315
9063
2353
8755
1230
7528
8184
9798
2808
8050
2978
4241
7389
2341
6841
426
5213
6770
7645
5770
7509
4194
328
4123
5144
5227
5731
7925
989
701
3732
2646
2415
5637
6928
7449
466
7703
1107
2938
7992
4252
6255
9825
4628
6621
1487
7725
4899
1739
9600
5748
1861
1731
3077
9715
946
2470
4787
7632
8046
2965
5791
1507
1580
1016
9288
5324
270
6188
4050
7423
778
4799
3025
2160
2783
6729
2438
9841
6852
937
9180
8563
5143
8460
2133
1355
9101
8286
1187
9451
4877
671
961
1939
8927
6026
3479
764
5783
1340
8518
2385
1233
7054
7152
1050
5660
8912
1613
9872
9083
9913
2132
4450
3339
1176
5033
7058
2158
344
5869
2829
473
2405
4257
3746
2386
8042
7048
829
8200
8337
1018
3997
2124
6773
4017
6247
6547
8583
2811
6086
5113
507
5356
4482
3656
1623
4275
7549
8816
4002
5527
7728
3502
4231
559
2660
7906
4905
261
279
3015
2225
3938
3821
150
6279
4853
8808
6552
6038
6647
591
4917
6076
1619
8253
5999
5673
4445
798
3941
5115
4324
2593
9528
7262
1349
7462
7772
9223
3260
3727
4628
4809
9964
9415
797
7409
6562
1465
4782
9792
637
1601
3831
7736
390
3616
1205
918
9534
9161
3832
9939
9787
9506
9469
4861
168
1414
3958
401
3443
1676
6686
6791
6765
1085
9447
6780
6442
966
4184
211
7077
7913
5289
3042
9268
8313
8491
941
1810
1756
1276
2906
1284
797
5327
6861
1303
9603
1505
568
2641
5757
4864
730
6747
8474
6563
9509
7398
1921
2808
4552
7484
2417
7972
5622
5051
4103
5041
981
161
3898
128
5802
8641
1997
3902
8924
8426
3998
6306
2710
694
504
5623
4452
7906
617
5170
7509
53
7272
9758
6200
356
5278
6162
7608
437
7255
2157
5589
9807
7741
4278
6354
1342
9807
9570
3268
4801
9239
5749
7803
2872
657
4707
3196
3157
4720
4042
3004
5078
5505
3559
8101
3740
4406
602
9883
4241
6010
9422
3689
6576
1973
4291
7886
6223
154
7792
8906
7634
9602
6732
7261
4553
2619
4510
4725
1416
7675
4518
7395
5898
1303
6636
5583
4754
6286
9383
8049
4511
2798
56
7909
2596
5577
6033
6589
6754
8043
509
7363
2598
511
3958
7433
2489
4565
3552
7357
9384
8576
1301
9799
723
5970
5597
7723
523
3610
9822
7123
8254
6773
7756
9603
7821
9493
6628
1302
4829
7292
5562
5546
984
535
7717
1482
9716
2998
6443
3649
7104
6353
1641
8577
9803
9260
1070
9124
531
8134
2842
3959
3423
1589
6773
372
5061
7121
2736
1301
2932
1703
2900
1719
4621
6921
423
9284
7348
3472
8622
1629
2833
7374
7120
7657
4296
8897
3848
9086
8879
1977
5418
4291
8177
5705
6025
1573
7172
3138
4468
2938
578
550
3416
9892
9738
8074
2283
2210
7246
2000
4688
2866
958
6997
7254
6019
725
2807
4299
7170
2368
2145
5646
5300
2491
2537
3360
7980
1426
5489
1813
7513
5608
8861
4708
4932
1981
9735
899
1750
3235
1429
7347
2489
9763
3089
8009
832
4323
3943
8349
391
2145
1842
3073
6171
2800
2895
973
7372
1209
5515
3414
5375
8023
6907
9281
1109
3668
6632
1313
1748
2237
9477
5831
5493
6638
4389
3002
6187
6688
8654
697
3088
754
3976
9370
2782
6071
4219
5304
1762
9658
6713
6560
2053
350
1942
1125
3234
2746
6526
7800
2221
5686
1461
4665
3454
3461
692
1371
2983
6760
143
1901
4336
800
7017
7864
4814
9301
6796
2308
6688
1857
5265
292
1121
2579
6259
182
7038
747
1879
9300
1697
8031
5515
2858
2726
3079
5076
1132
3507
8519
8174
5253
1990
587
6594
1214
3841
2859
4364
3321
6296
5058
4410
2235
6225
5136
4962
4996
7173
9047
995
965
923
5099
3654
253
1641
2646
8073
4321
4431
9729
9107
3338
2943
1932
9302
490
310
3312
6439
9091
820
2351
3962
5590
9013
7079
9698
3550
1198
1630
7573
9657
4099
5408
4504
6117
534
9781
2630
2618
9327
752
5711
7269
403
6889
7370
2205
6908
5173
6064
3358
5456
4961
7493
5657
3550
2127
9681
4959
3612
4790
1963
6972
7175
3208
7936
4706
482
6092
5997
1837
8363
6820
1356
260
1387
4401
6906
3833
2711
6288
9355
3569
1507
9311
3051
1778
5744
47
6893
6769
7747
6820
1971
7052
2945
2878
4901
1118
1257
329
3323
7873
6960
7568
8270
7741
5375
8973
5492
1120
3835
4391
6035
5020
5200
344
491
1754
7730
1468
9219
733
5780
4692
980
9637
1828
934
4608
574
3216
2959
7961
5614
7794
357
7571
5824
1998
941
8241
6286
5661
5607
9211
7556
900
4698
965
6810
9078
1380
9541
9873
879
8758
9643
4263
5082
2397
8584
5739
7551
2102
6151
1874
3259
2588
7755
7843
4688
890
7105
6508
5088
4792
7045
6145
176
3078
5468
4113
2016
8254
4264
6596
5216
3912
2919
7195
2588
8743
6609
9349
1502
2005
8257
938
1579
7486
7817
6213
9433
775
8827
3255
7098
6305
9008
1342
8141
9626
2923
8983
4724
5185
6996
4204
9897
2052
8162
2217
749
8211
1081
2753
9738
6076
9288
7777
7180
8146
4663
3301
5856
6345
8535
8108
2242
1526
9085
6299
9181
4510
5780
7801
6722
3490
9039
2549
9008
263
8699
1903
2138
2171
3444
3335
1382
6823
1992
781
8881
6807
1661
2614
6282
5561
4775
476
2001
5144
3223
6941
1589
7116
1844
699
2338
7376
8977
706
6064
2587
4169
3369
5435
519
9580
1183
621
3222
7758
8161
5362
5785
4678
5764
2044
2750
3952
2373
1012
3991
7337
3390
3370
2538
8797
1150
5448
8456
6699
8461
5950
9210
8964
3850
8572
4795
5286
16
1998
1958
2983
5857
949
5966
6546
3505
2933
4107
8005
4654
3943
3235
8611
1846
841
9731
9016
3302
3154
4020
2632
8425
1189
8479
4916
9478
4607
596
1518
9359
5422
1915
5400
9912
727
4631
1952
7551
9683
4491
928
4157
2641
5799
7874
1172
8947
1618
1963
9925
6239
838
7767
3770
1699
5898
3428
3904
5478
2715
4904
7083
6070
8011
2649
4965
5915
3488
8927
6566
9226
839
9882
3253
5297
3695
6082
2057
1172
6148
6198
4571
2492
6159
1071
7810
8383
5179
9445
4730
2224
2273
1807
1546
8684
8971
9734
9971
766
4289
4743
6788
3073
1015
6996
8069
660
8844
5883
3503
7872
8841
8386
2361
1662
877
7728
3703
4560
4486
3546
1644
6249
2084
100
3857
2966
3534
3676
3201
4784
8192
3827
239
1802
3242
1274
3523
8977
5958
7031
653
2759
2586
9823
4216
6109
6472
5331
90
4081
5788
892
8773
5251
4814
9747
8715
4901
2144
7707
9565
7658
1621
4154
1148
9859
5739
869
5782
2475
9854
2522
1287
2819
8953
3236
2022
9748
5795
6181
970
7268
4805
7472
9503
7203
7896
8935
5460
1929
2937
1704
5763
3520
9525
9721
3224
1248
911
3775
9695
7753
8562
6667
4145
6245
8167
4284
8936
1097
1266
9811
7545
4016
3738
1563
1268
161
6310
5986
4945
5607
8501
7891
3649
8898
6995
9323
7317
8021
7947
8044
3640
9766
2204
3989
979
5992
4893
6550
8600
661
1383
5119
7387
4683
2945
2736
1838
4857
7773
7697
1764
110
811
8914
3300
5431
5402
2664
9756
1670
1171
2733
8001
3794
8463
4462
1735
8214
7326
8216
938
587
9853
170
7548
4563
570
9686
7200
2585
9912
4909
7486
76
8423
5570
4125
6682
6067
4473
8166
2865
9024
7555
9833
354
4837
9798
6459
612
8445
9643
7343
3199
2958
2578
9781
1150
742
3534
4879
3986
310
7428
3799
5794
5631
5207
8841
6278
3276
2844
6268
1063
2024
1573
5451
8306
3663
6165
820
4240
4602
9619
3921
7722
3951
5128
2176
4334
4706
8841
3527
8641
7628
2630
4527
9497
393
9413
939
5367
3808
4195
8457
4908
579
2564
383
888
9412
1901
6569
6222
1885
2316
5390
4545
9756
392
2376
8357
7928
28
4360
2769
5641
9265
4773
9396
878
4955
4875
4027
6795
1222
7159
4643
8347
4855
774
3256
5894
4163
4506
3441
30
2154
5660
1791
9558
6173
3572
5367
44
7691
9568
9486
3528
6966
644
305
5327
7544
9942
9166
917
355
7907
4550
4716
1034
8239
323
6538
2006
2450
5869
2414
4140
157
7
5151
355
9910
8221
9285
3247
2930
1499
7231
9305
387
7589
9579
6653
1761
3695
7457
3601
8803
544
6599
9814
2506
3537
8164
4217
3613
1936
6496
2669
7003
3874
9548
7617
1806
5105
775
7047
7854
6280
9801
2880
4902
5826
37
8469
9786
256
9746
9749
7714
3102
7353
8906
1716
1233
7159
5279
1893
9160
6237
2811
3989
3698
1683
8725
4362
7074
694
6544
7915
1889
2647
6726
5914
8472
9755
9840
172
9623
3492
5248
556
1417
8806
944
5958
8524
4451
8633
1481
1641
5185
6575
6076
416
4832
3329
6352
6289
4378
4200
5858
5747
5372
5621
4761
3198
6177
7079
1944
1722
7018
6291
5740
619
9907
5166
3308
3156
5353
7850
1567
4669
7893
4045
6005
4445
8136
3805
3057
6477
6443
5051
7449
819
5966
4117
9533
2787
275
9941
3964
4258
6936
2879
9514
9998
7069
8831
299
5451
7897
9110
2436
6758
3008
5685
3237
769
9854
7932
5370
9287
6916
380
4933
9726
6526
9345
1650
636
5057
8433
5050
4523
106
2307
714
1191
5789
3837
7725
5423
1395
2099
4452
2052
3444
9659
7116
156
7579
8318
4725
4400
6619
6356
8473
4049
6557
2217
9781
657
176
3221
5837
4467
3780
5384
7047
2735
3089
9336
4842
3347
5324
6137
2408
222
1184
2037
148
5083
4721
7788
9260
8513
7186
320
5809
5891
1414
886
5429
5368
2320
1611
5338
4084
3245
3487
7722
141
9780
1485
3696
3553
1688
366
1460
7333
383
8536
7658
1871
5319
3560
4694
8120
354
8436
5223
8004
3129
2577
661
586
7527
6348
6065
7328
2678
2632
3457
6267
7402
6907
3085
1881
8747
7212
4669
2027
6232
1861
8674
2791
2558
1205
5338
3467
1511
6957
505
9170
2933
4268
6492
5131
9309
299
7460
6253
750
3445
50
8406
5279
5079
7297
6501
2807
8364
6700
3557
8362
9698
9431
6668
8976
7356
8424
3934
489
9414
4519
4053