#ST: 0
#COPY: att/input0.txt
#COPY: att/input1.txt

#ST: 20
# N <= 100
1 10  1111
1 50  2222
0 100 3333
1 100 4444
0 50  5555
0 10  6666

#ST: 20
# N <= 1.000.000, x_i <= 1000
1 100     111 1000
0 1000    222 1000
1 500000  333 1000
1 1000000 444 1000
0 500     555 1000
0 100     111 1000

#ST: 20
# N <= 1.000.000, solo l'ultimo numero x_N potrebbe essere quello eventualmente ripetuto
2 100000  1111
2 500000  2222
2 500000  3333
2 1000000 4444
2 1000000 5555

#ST: 40
0 100000  11111
1 100000  11111
1 500000  22222
0 500000  33333
0 1000000 44444
1 1000000 55555
